3 0 48 0
4 0 6 0
5 0 24 0
7 0 32 0
9 0 25 0
10 0 46 0
11 7 60 4
12 7 61 4
14 37 79 0
15 25 75 5
16 25 76 5
17 26 77 9
18 26 81 9
19 33 91 7
20 33 85 7
25 47 97 10
26 47 101 10
27 49 101 3
28 49 103 3
31 61 119 11
32 61 117 11
33 62 117 12
34 62 117 12
37 76 130 15
38 76 132 15
39 77 135 16
40 77 134 16
41 78 131 17
42 78 132 17
43 80 129 14
44 80 136 14
45 82 136 18
46 82 138 18
47 86 142 20
48 86 138 20
49 92 147 19
50 92 149 19
55 98 149 25
56 98 146 25
61 102 149 26
62 102 149 26
63 102 149 27
64 102 149 27
65 104 149 28
66 104 149 28
71 118 149 32
72 118 149 32
73 118 149 33
74 118 149 33
75 118 149 34
76 118 149 34
77 120 149 31
78 120 149 31
83 130 133 43
84 130 149 43
85 131 149 37
86 131 149 37
87 132 149 41
88 132 149 41
89 133 149 38
90 133 149 38
91 133 149 42
92 133 149 42
93 135 149 40
94 135 149 40
95 136 149 39
96 136 149 39
97 137 149 44
98 137 149 44
99 137 149 45
100 137 149 45
101 139 149 46
102 139 149 46
103 139 149 48
104 139 149 48
105 143 149 47
106 143 149 47
107 147 149 56
108 147 149 56
109 148 149 49
110 148 149 49
