1 0 72 0
2 0 53 0
3 0 87 0
4 0 65 0
5 0 56 0
6 54 155 2
7 54 155 2
8 57 163 5
9 57 162 5
10 66 171 4
11 66 169 4
12 73 172 1
13 73 177 1
14 88 195 3
15 88 187 3
16 156 255 6
17 156 260 6
18 156 261 7
19 156 253 7
20 163 264 9
21 163 263 9
22 164 267 8
23 164 265 8
24 170 272 11
25 170 277 11
26 172 274 10
27 172 272 10
28 173 279 12
29 173 275 12
30 178 276 13
31 178 285 13
32 188 295 15
33 188 286 15
34 196 298 14
35 196 293 14
36 254 303 19
37 254 300 19
38 256 305 16
39 256 307 16
40 261 309 17
41 261 311 17
42 262 311 18
43 262 307 18
44 264 304 21
45 264 312 21
46 265 304 20
47 265 303 20
48 266 305 23
49 266 306 23
50 268 308 22
51 268 302 22
52 273 305 24
53 273 307 24
54 273 308 27
55 273 313 27
56 275 310 26
57 275 310 26
58 276 306 29
59 276 311 29
60 277 311 30
61 277 300 30
62 278 301 25
63 278 310 25
64 280 304 28
65 280 311 28
66 286 311 31
67 286 309 31
68 287 312 33
69 287 309 33
70 294 318 35
71 294 311 35
72 296 313 32
73 296 318 32
74 299 314 34
75 299 322 34
