1 0 54 0
2 0 22 0
3 0 25 0
4 0 39 0
5 0 41 0
6 0 47 0
7 0 36 0
8 0 51 0
9 0 27 0
10 0 41 0
11 0 9 0
12 0 33 0
13 0 36 0
14 0 20 0
15 0 25 0
16 0 52 0
17 0 33 0
18 0 18 0
19 0 6 0
20 0 8 0
21 0 38 0
22 0 48 0
23 0 45 0
24 0 22 0
25 0 14 0
26 7 63 19
27 7 62 19
28 9 65 20
29 9 66 20
30 10 63 11
31 10 66 11
32 15 70 25
33 15 71 25
34 19 74 18
35 19 76 18
36 21 77 14
37 21 74 14
38 23 81 2
39 23 79 2
40 23 79 24
41 23 80 24
42 26 79 3
43 26 84 3
44 26 84 15
45 26 84 15
46 28 81 9
47 28 84 9
48 34 88 12
49 34 92 12
50 34 92 17
51 34 90 17
52 37 94 7
53 37 95 7
54 37 90 13
55 37 93 13
56 39 94 21
57 39 97 21
58 40 94 4
59 40 97 4
60 42 95 5
61 42 97 5
62 42 95 10
63 42 97 10
64 46 97 23
65 46 97 23
66 48 90 6
67 48 91 6
68 49 94 22
69 49 94 22
70 52 96 8
71 52 94 8
72 53 97 16
73 53 96 16
74 55 97 1
75 55 92 1
76 63 91 27
77 63 90 27
78 64 91 26
79 64 92 26
80 64 91 30
81 64 91 30
82 66 91 28
83 66 92 28
84 67 94 29
85 67 94 29
86 67 96 31
87 67 93 31
88 71 91 32
89 71 89 32
90 72 91 33
91 72 92 33
92 75 95 34
93 75 93 34
94 75 93 37
95 75 94 37
96 77 96 35
97 77 95 35
98 78 91 36
99 78 90 36
100 80 96 39
101 80 92 39
102 80 96 40
103 80 93 40
104 80 91 42
105 80 92 42
106 81 90 41
107 81 93 41
108 82 93 38
109 82 95 38
110 82 92 46
111 82 93 46
112 85 95 43
113 85 98 43
114 85 93 44
115 85 95 44
116 85 97 45
117 85 98 45
118 85 96 47
119 85 98 47
120 89 89 48
121 89 89 48
122 91 91 51
123 91 91 51
124 91 91 54
125 91 91 54
126 93 93 49
127 93 93 49
128 93 93 50
129 93 93 50
130 94 94 55
131 94 94 55
132 95 95 52
133 95 95 52
134 95 95 56
135 95 95 56
136 95 95 58
137 95 95 58
138 96 96 53
139 96 96 53
140 96 96 60
141 96 96 60
142 96 96 62
143 96 96 62
