1 0 15 0
2 0 37 0
3 0 25 0
4 0 52 0
5 0 45 0
6 16 74 1
7 16 71 1
8 26 81 3
9 26 81 3
10 38 91 2
11 38 95 2
12 46 104 5
13 46 104 5
14 53 108 4
15 53 107 4
16 72 130 7
17 72 129 7
18 75 129 6
19 75 133 6
20 82 138 8
21 82 137 8
22 82 138 9
23 82 136 9
24 92 135 10
25 92 133 10
26 96 138 11
27 96 132 11
28 105 132 12
29 105 132 12
30 105 131 13
31 105 132 13
32 108 136 15
33 108 134 15
34 109 138 14
35 109 137 14
36 130 140 17
37 130 143 17
38 130 138 18
39 130 130 18
40 131 131 16
41 131 131 16
42 134 134 19
43 134 134 19
44 137 137 23
45 137 137 23
46 138 138 21
47 138 138 21
