1 4 30 0
2 0 9 0
3 20 47 0
4 30 54 0
5 0 6 0
6 0 9 0
7 14 32 0
8 3 8 0
9 19 52 0
10 8 21 0
11 10 24 0
12 1 8 0
13 0 9 0
14 3 16 0
15 0 33 0
16 13 24 0
17 30 47 0
18 22 48 0
19 3 8 0
20 7 41 0
21 0 29 0
22 12 22 0
23 11 29 0
24 0 48 0
25 16 21 0
26 11 39 0
27 0 26 0
28 12 20 0
29 15 42 0
30 0 27 0
31 7 30 5
32 7 69 5
33 9 61 8
34 9 55 8
35 9 67 12
36 9 58 12
37 9 65 19
38 9 61 19
39 10 57 2
40 10 62 2
41 10 32 13
42 10 75 13
43 17 62 14
44 17 64 14
45 21 51 28
46 22 29 0
47 22 41 10
48 22 32 10
49 22 79 25
50 22 71 25
51 23 45 22
52 23 36 22
53 25 73 11
54 25 79 11
55 25 79 16
56 25 79 16
57 27 79 27
58 27 79 27
59 28 79 30
60 28 79 30
63 30 45 21
64 30 79 21
65 30 79 23
66 30 79 23
67 31 39 1
68 31 79 1
69 33 79 7
70 33 79 7
71 34 79 15
72 34 79 15
73 40 79 26
74 40 71 26
75 42 76 20
76 42 60 20
78 43 54 29
79 48 79 3
80 48 55 3
81 48 79 17
82 48 79 17
83 49 79 18
84 49 79 18
85 49 79 24
86 49 79 24
87 53 79 9
88 53 79 9
89 55 79 4
90 55 79 4
91 58 79 39
92 58 79 39
93 59 79 36
94 59 79 36
95 62 79 33
96 62 79 33
97 62 79 38
98 62 79 38
99 63 79 40
100 63 79 40
105 66 79 37
106 66 79 37
107 68 79 35
108 68 79 35
109 70 79 32
110 70 79 32
113 72 79 50
114 72 79 50
119 74 79 53
120 74 79 53
121 76 79 42
122 76 79 42
127 77 79 168
128 77 79 168
129 79 79 170
130 79 79 170
168 42 76 0
170 49 78 0
171 57 61 0
173 67 79 0
