1 0 39 0
2 0 19 0
3 0 40 0
4 0 28 0
5 0 14 0
6 15 68 5
7 15 70 5
8 20 73 2
9 20 75 2
10 29 84 4
11 29 83 4
12 40 97 1
13 40 97 1
14 41 97 3
15 41 96 3
16 69 125 6
17 69 122 6
18 71 124 7
19 71 126 7
20 74 130 8
21 74 127 8
22 76 134 9
23 76 131 9
24 84 141 11
25 84 142 11
26 85 143 10
27 85 142 10
28 97 151 15
29 97 150 15
30 98 152 12
31 98 153 12
32 98 152 13
33 98 153 13
34 98 151 14
35 98 153 14
36 123 149 17
37 123 149 17
38 125 149 18
39 125 152 18
40 126 151 16
41 126 147 16
42 127 145 19
43 127 145 19
44 128 149 21
45 128 145 21
46 131 152 20
47 131 151 20
48 132 150 23
49 132 152 23
50 135 147 22
51 135 152 22
52 142 155 24
53 142 155 24
54 143 151 25
55 143 156 25
56 143 155 27
57 143 153 27
58 144 157 26
59 144 156 26
60 151 151 29
61 151 151 29
62 152 152 28
63 152 152 28
64 152 152 34
65 152 152 34
